\small
\begin{tabular}{lrrrrrrrrrrrrrrrr}
\hline
Visit & 0 & 2 & 4 & 12 & 16 & 24 & 28 & 36 & 40 & 48 & 52 & 60 & 72 & 84 & 96 & 108 \\
\hline
0 & 0.383 & 0.396 & 0.381 & 0.355 & 0.334 & 0.321 & 0.329 & 0.322 & 0.314 & 0.316 & 0.296 & 0.287 & 0.254 & 0.230 & 0.210 & 0.196 \\
2 & 0.396 & 0.421 & 0.405 & 0.378 & 0.355 & 0.342 & 0.350 & 0.342 & 0.334 & 0.336 & 0.315 & 0.306 & 0.271 & 0.244 & 0.223 & 0.209 \\
4 & 0.381 & 0.405 & 0.402 & 0.375 & 0.352 & 0.339 & 0.347 & 0.340 & 0.332 & 0.334 & 0.313 & 0.303 & 0.269 & 0.243 & 0.222 & 0.207 \\
12 & 0.355 & 0.378 & 0.375 & 0.393 & 0.370 & 0.356 & 0.365 & 0.357 & 0.348 & 0.350 & 0.328 & 0.319 & 0.282 & 0.255 & 0.233 & 0.218 \\
16 & 0.334 & 0.355 & 0.352 & 0.370 & 0.369 & 0.356 & 0.364 & 0.356 & 0.348 & 0.350 & 0.328 & 0.318 & 0.282 & 0.254 & 0.232 & 0.217 \\
24 & 0.321 & 0.342 & 0.339 & 0.356 & 0.356 & 0.386 & 0.395 & 0.387 & 0.377 & 0.379 & 0.356 & 0.345 & 0.306 & 0.276 & 0.252 & 0.236 \\
28 & 0.329 & 0.350 & 0.347 & 0.365 & 0.364 & 0.395 & 0.429 & 0.420 & 0.410 & 0.412 & 0.387 & 0.375 & 0.332 & 0.300 & 0.274 & 0.256 \\
36 & 0.322 & 0.342 & 0.340 & 0.357 & 0.356 & 0.387 & 0.420 & 0.464 & 0.452 & 0.455 & 0.427 & 0.414 & 0.366 & 0.331 & 0.302 & 0.283 \\
40 & 0.314 & 0.334 & 0.332 & 0.348 & 0.348 & 0.377 & 0.410 & 0.452 & 0.468 & 0.471 & 0.442 & 0.428 & 0.379 & 0.342 & 0.313 & 0.293 \\
48 & 0.316 & 0.336 & 0.334 & 0.350 & 0.350 & 0.379 & 0.412 & 0.455 & 0.471 & 0.534 & 0.501 & 0.486 & 0.430 & 0.388 & 0.355 & 0.332 \\
52 & 0.296 & 0.315 & 0.313 & 0.328 & 0.328 & 0.356 & 0.387 & 0.427 & 0.442 & 0.501 & 0.499 & 0.484 & 0.428 & 0.387 & 0.353 & 0.330 \\
60 & 0.287 & 0.306 & 0.303 & 0.319 & 0.318 & 0.345 & 0.375 & 0.414 & 0.428 & 0.486 & 0.484 & 0.529 & 0.468 & 0.422 & 0.386 & 0.361 \\
72 & 0.254 & 0.271 & 0.269 & 0.282 & 0.282 & 0.306 & 0.332 & 0.366 & 0.379 & 0.430 & 0.428 & 0.468 & 0.496 & 0.448 & 0.409 & 0.383 \\
84 & 0.230 & 0.244 & 0.243 & 0.255 & 0.254 & 0.276 & 0.300 & 0.331 & 0.342 & 0.388 & 0.387 & 0.422 & 0.448 & 0.483 & 0.442 & 0.413 \\
96 & 0.210 & 0.223 & 0.222 & 0.233 & 0.232 & 0.252 & 0.274 & 0.302 & 0.313 & 0.355 & 0.353 & 0.386 & 0.409 & 0.442 & 0.483 & 0.452 \\
108 & 0.196 & 0.209 & 0.207 & 0.218 & 0.217 & 0.236 & 0.256 & 0.283 & 0.293 & 0.332 & 0.330 & 0.361 & 0.383 & 0.413 & 0.452 & 0.506 \\
\hline
\end{tabular}
