\small
\begin{tabular}{lrrrrrrrrrrrrrrrr}
\hline
Visit & 0 & 2 & 4 & 12 & 16 & 24 & 28 & 36 & 40 & 48 & 52 & 60 & 72 & 84 & 96 & 108 \\
\hline
0 & 0.268 & 0.250 & 0.244 & 0.262 & 0.258 & 0.285 & 0.289 & 0.300 & 0.302 & 0.311 & 0.314 & 0.305 & 0.277 & 0.255 & 0.222 & 0.217 \\
2 & 0.250 & 0.254 & 0.248 & 0.266 & 0.262 & 0.290 & 0.293 & 0.305 & 0.307 & 0.317 & 0.320 & 0.311 & 0.282 & 0.260 & 0.226 & 0.221 \\
4 & 0.244 & 0.248 & 0.262 & 0.280 & 0.276 & 0.306 & 0.309 & 0.321 & 0.324 & 0.334 & 0.337 & 0.327 & 0.297 & 0.274 & 0.238 & 0.233 \\
12 & 0.262 & 0.266 & 0.280 & 0.323 & 0.319 & 0.353 & 0.357 & 0.370 & 0.374 & 0.385 & 0.389 & 0.377 & 0.343 & 0.316 & 0.275 & 0.268 \\
16 & 0.258 & 0.262 & 0.276 & 0.319 & 0.333 & 0.369 & 0.373 & 0.387 & 0.391 & 0.402 & 0.406 & 0.395 & 0.358 & 0.330 & 0.287 & 0.280 \\
24 & 0.285 & 0.290 & 0.306 & 0.353 & 0.369 & 0.444 & 0.449 & 0.466 & 0.470 & 0.484 & 0.489 & 0.475 & 0.431 & 0.397 & 0.346 & 0.337 \\
28 & 0.289 & 0.293 & 0.309 & 0.357 & 0.373 & 0.449 & 0.472 & 0.490 & 0.494 & 0.509 & 0.514 & 0.499 & 0.454 & 0.418 & 0.363 & 0.355 \\
36 & 0.300 & 0.305 & 0.321 & 0.370 & 0.387 & 0.466 & 0.490 & 0.546 & 0.551 & 0.567 & 0.573 & 0.556 & 0.506 & 0.465 & 0.405 & 0.395 \\
40 & 0.302 & 0.307 & 0.324 & 0.374 & 0.391 & 0.470 & 0.494 & 0.551 & 0.582 & 0.599 & 0.605 & 0.588 & 0.534 & 0.491 & 0.428 & 0.417 \\
48 & 0.311 & 0.317 & 0.334 & 0.385 & 0.402 & 0.484 & 0.509 & 0.567 & 0.599 & 0.662 & 0.668 & 0.649 & 0.590 & 0.543 & 0.472 & 0.461 \\
52 & 0.314 & 0.320 & 0.337 & 0.389 & 0.406 & 0.489 & 0.514 & 0.573 & 0.605 & 0.668 & 0.722 & 0.702 & 0.637 & 0.587 & 0.511 & 0.498 \\
60 & 0.305 & 0.311 & 0.327 & 0.377 & 0.395 & 0.475 & 0.499 & 0.556 & 0.588 & 0.649 & 0.702 & 0.727 & 0.660 & 0.608 & 0.529 & 0.516 \\
72 & 0.277 & 0.282 & 0.297 & 0.343 & 0.358 & 0.431 & 0.454 & 0.506 & 0.534 & 0.590 & 0.637 & 0.660 & 0.677 & 0.623 & 0.542 & 0.529 \\
84 & 0.255 & 0.260 & 0.274 & 0.316 & 0.330 & 0.397 & 0.418 & 0.465 & 0.491 & 0.543 & 0.587 & 0.608 & 0.623 & 0.648 & 0.564 & 0.551 \\
96 & 0.222 & 0.226 & 0.238 & 0.275 & 0.287 & 0.346 & 0.363 & 0.405 & 0.428 & 0.472 & 0.511 & 0.529 & 0.542 & 0.564 & 0.567 & 0.553 \\
108 & 0.217 & 0.221 & 0.233 & 0.268 & 0.280 & 0.337 & 0.355 & 0.395 & 0.417 & 0.461 & 0.498 & 0.516 & 0.529 & 0.551 & 0.553 & 0.613 \\
\hline
\end{tabular}
