\small
\begin{tabular}{lrrrrrrrrrrrrrrrr}
\hline
Visit & 0 & 2 & 4 & 12 & 16 & 24 & 28 & 36 & 40 & 48 & 52 & 60 & 72 & 84 & 96 & 108 \\
\hline
0 & 0.234 & 0.235 & 0.230 & 0.245 & 0.238 & 0.240 & 0.244 & 0.245 & 0.240 & 0.255 & 0.246 & 0.248 & 0.230 & 0.210 & 0.196 & 0.182 \\
2 & 0.235 & 0.257 & 0.252 & 0.268 & 0.261 & 0.263 & 0.268 & 0.268 & 0.262 & 0.280 & 0.269 & 0.272 & 0.252 & 0.230 & 0.215 & 0.199 \\
4 & 0.230 & 0.252 & 0.263 & 0.281 & 0.273 & 0.275 & 0.280 & 0.280 & 0.275 & 0.293 & 0.281 & 0.285 & 0.263 & 0.241 & 0.224 & 0.208 \\
12 & 0.245 & 0.268 & 0.281 & 0.324 & 0.314 & 0.317 & 0.323 & 0.323 & 0.317 & 0.338 & 0.324 & 0.328 & 0.304 & 0.278 & 0.259 & 0.240 \\
16 & 0.238 & 0.261 & 0.273 & 0.314 & 0.324 & 0.327 & 0.333 & 0.333 & 0.327 & 0.348 & 0.335 & 0.338 & 0.313 & 0.286 & 0.267 & 0.248 \\
24 & 0.240 & 0.263 & 0.275 & 0.317 & 0.327 & 0.355 & 0.362 & 0.362 & 0.355 & 0.378 & 0.364 & 0.368 & 0.341 & 0.311 & 0.290 & 0.269 \\
28 & 0.244 & 0.268 & 0.280 & 0.323 & 0.333 & 0.362 & 0.400 & 0.400 & 0.392 & 0.418 & 0.402 & 0.407 & 0.377 & 0.344 & 0.321 & 0.298 \\
36 & 0.245 & 0.268 & 0.280 & 0.323 & 0.333 & 0.362 & 0.400 & 0.447 & 0.438 & 0.467 & 0.449 & 0.454 & 0.421 & 0.384 & 0.358 & 0.333 \\
40 & 0.240 & 0.262 & 0.275 & 0.317 & 0.327 & 0.355 & 0.392 & 0.438 & 0.468 & 0.499 & 0.480 & 0.485 & 0.449 & 0.411 & 0.383 & 0.355 \\
48 & 0.255 & 0.280 & 0.293 & 0.338 & 0.348 & 0.378 & 0.418 & 0.467 & 0.499 & 0.586 & 0.563 & 0.570 & 0.527 & 0.482 & 0.449 & 0.417 \\
52 & 0.246 & 0.269 & 0.281 & 0.324 & 0.335 & 0.364 & 0.402 & 0.449 & 0.480 & 0.563 & 0.567 & 0.573 & 0.531 & 0.485 & 0.452 & 0.420 \\
60 & 0.248 & 0.272 & 0.285 & 0.328 & 0.338 & 0.368 & 0.407 & 0.454 & 0.485 & 0.570 & 0.573 & 0.626 & 0.580 & 0.529 & 0.494 & 0.458 \\
72 & 0.230 & 0.252 & 0.263 & 0.304 & 0.313 & 0.341 & 0.377 & 0.421 & 0.449 & 0.527 & 0.531 & 0.580 & 0.597 & 0.545 & 0.509 & 0.472 \\
84 & 0.210 & 0.230 & 0.241 & 0.278 & 0.286 & 0.311 & 0.344 & 0.384 & 0.411 & 0.482 & 0.485 & 0.529 & 0.545 & 0.580 & 0.541 & 0.502 \\
96 & 0.196 & 0.215 & 0.224 & 0.259 & 0.267 & 0.290 & 0.321 & 0.358 & 0.383 & 0.449 & 0.452 & 0.494 & 0.509 & 0.541 & 0.574 & 0.533 \\
108 & 0.182 & 0.199 & 0.208 & 0.240 & 0.248 & 0.269 & 0.298 & 0.333 & 0.355 & 0.417 & 0.420 & 0.458 & 0.472 & 0.502 & 0.533 & 0.575 \\
\hline
\end{tabular}
